100 30
9 9 9 9 9 9 9 9 9 9 9 9 9 9 9 9 9 9 9 9 9 9 9 9 9 9 9 9 9 9 9 9 9 9 9 9 9 9 9 9 9 9 9 9 9 9 9 9 9 9 9 9 9 9 9 9 9 9 9 9 9 9 9 9 9 9 9 9 9 9 11 11 11 11 11 11 11 11 11 11 11 11 11 11 11 11 11 11 11 11 11 11 11 11 11 11 34 35 11 11
38 38 39 39 38 38 39 39 34 35 36 36 37 37 36 37 37 36 36 37 37 37 37 36 36 37 37 37 36 36 36 36 36 36 36 36 37 37 37 37 36 36 36 36 36 36 36 36 37 37 36 36 36 36 36 36 36 36 36 36 36 36 36 36 36 36 36 36 36 36 37 37 37 37 37 37 37 37 37 37 37 37 37 37 37 37 37 37 37 37 37 37 37 37 37 37 34 35 37 37
36 36 37 37 36 36 37 36 34 35 38 38 39 39 39 38 38 38 39 39 39 39 38 38 38 38 39 39 39 39 38 38 39 39 39 39 39 39 39 39 39 38 38 38 38 39 39 39 39 39 38 38 38 38 38 38 38 38 38 38 38 38 38 38 38 38 38 38 38 38 38 38 38 38 38 38 38 38 38 38 38 38 38 38 38 38 38 38 38 38 38 38 38 38 38 38 34 35 38 38
15 15 15 15 15 15 15 15 34 35 15 15 15 15 15 15 15 15 15 15 15 15 15 15 15 15 15 15 15 15 15 15 15 15 15 15 15 15 15 15 15 15 15 15 15 15 15 15 15 15 15 15 15 15 15 15 15 15 15 15 15 15 15 15 15 15 15 15 15 15 15 15 15 15 15 15 15 15 15 15 15 15 15 15 15 15 15 15 15 15 15 15 15 15 15 15 34 35 15 15
31 1 0 4 0 5 0 1 34 35 43 40 0 1 0 1 0 1 0 1 0 4 4 0 1 1 0 0 1 1 1 0 0 4 4 0 1 1 1 0 4 0 1 43 34 35 45 45 34 35 45 45 34 35 43 0 0 0 0 0 0 0 0 0 0 0 0 0 0 0 0 40 0 0 0 0 0 0 0 0 0 0 0 0 0 0 0 0 0 0 0 0 0 0 0 0 34 35 45 45
2 3 2 3 2 3 2 3 34 35 44 3 2 3 0 4 0 0 0 3 3 3 3 3 3 3 3 3 3 3 3 3 3 3 3 3 3 3 3 3 3 3 40 44 34 35 45 45 34 35 45 45 34 35 44 40 0 0 0 0 0 0 0 0 0 0 0 40 0 0 0 0 0 0 0 40 0 0 0 0 0 0 0 0 0 0 0 0 0 0 0 0 0 0 0 0 34 35 45 45
6 7 0 0 0 1 6 7 34 35 18 19 18 19 0 6 7 1 18 19 0 0 18 22 19 1 1 18 19 5 0 5 0 0 1 1 1 1 0 0 18 22 22 19 34 35 45 45 34 35 45 45 34 35 18 19 18 19 0 0 0 0 0 0 0 0 0 0 0 0 20 20 20 0 0 0 0 0 0 0 0 0 0 0 0 0 0 0 0 0 0 0 0 0 0 0 34 35 45 45
2 3 2 3 25 26 27 2 13 17 2 3 2 3 2 3 2 3 2 3 3 2 2 2 2 3 2 2 3 3 2 2 2 3 3 3 2 2 2 2 2 3 3 3 0 0 45 45 34 35 45 45 0 0 0 0 0 0 0 0 0 0 0 0 0 0 20 20 20 0 25 26 27 0 20 20 20 0 0 0 0 0 0 0 0 0 0 0 0 0 0 0 0 0 0 0 34 35 45 45
0 1 0 40 28 29 30 1 0 4 1 5 0 0 0 21 0 1 0 1 0 0 4 0 0 0 4 4 1 1 23 23 0 5 5 0 0 5 20 0 0 1 1 1 32 33 45 45 34 35 45 45 0 0 0 0 0 0 0 20 0 0 0 0 0 0 0 0 0 0 28 29 30 0 0 0 0 0 0 0 0 0 0 0 0 0 0 0 0 0 0 0 0 0 0 0 0 0 45 45
41 42 3 3 2 3 2 3 2 3 2 2 2 3 22 22 2 3 2 3 3 3 2 2 2 3 3 3 2 2 23 23 3 2 2 2 2 20 20 3 3 3 3 2 32 33 45 45 34 35 45 45 0 0 0 0 0 0 20 20 0 0 0 0 20 0 0 0 0 0 0 0 0 0 0 0 0 0 20 0 0 0 0 0 0 0 0 0 0 0 0 0 0 0 0 0 0 0 45 45
8 8 8 8 8 8 8 8 8 8 8 8 8 8 8 8 8 8 8 8 8 8 8 8 8 8 8 8 8 8 8 8 8 8 8 8 8 8 8 8 8 8 8 8 8 12 45 46 34 35 45 45 34 35 10 10 10 10 10 10 10 10 10 10 10 10 10 10 10 10 10 10 10 10 10 10 10 10 10 10 10 10 10 10 47 20 47 50 20 50 47 20 47 10 10 10 10 10 45 45
16 16 16 16 16 16 16 16 16 16 16 16 16 16 16 16 16 16 16 16 14 14 14 14 14 14 14 14 14 14 14 14 14 14 14 14 14 14 14 14 14 14 14 14 34 35 46 46 34 35 45 45 34 35 16 16 16 16 16 16 16 16 16 16 16 16 16 16 16 16 16 16 16 16 16 16 16 16 16 16 16 16 16 16 48 48 47 48 47 48 47 48 47 16 16 16 16 16 45 45
37 37 37 37 37 37 37 37 37 37 37 37 37 37 37 37 37 37 36 36 36 36 36 36 36 36 36 36 36 36 36 36 36 36 36 36 36 36 36 36 36 36 36 36 34 35 46 45 34 35 22 45 34 35 37 37 37 37 37 37 37 37 37 37 37 37 37 37 37 37 37 37 37 37 37 37 37 37 37 37 37 37 37 37 47 50 47 50 47 50 47 50 47 37 37 37 34 35 45 45
39 39 39 39 39 39 39 39 39 39 39 39 39 39 39 39 39 39 39 39 39 39 39 39 39 39 39 39 39 39 39 39 39 39 39 39 39 39 39 39 39 39 39 39 34 35 45 46 34 35 45 45 34 35 38 38 38 38 38 38 38 38 38 38 38 38 38 38 38 38 38 38 38 38 38 38 38 38 38 38 38 38 38 38 47 48 47 48 47 48 47 48 47 38 38 38 34 35 45 45
15 15 15 15 15 15 15 15 15 15 15 15 15 15 15 15 15 15 15 15 15 15 15 15 15 15 15 15 15 15 15 15 15 15 15 15 15 15 15 15 15 15 15 15 34 35 46 46 34 35 45 45 34 35 15 15 15 15 15 15 15 15 15 15 15 15 15 15 15 15 15 15 15 15 15 15 15 15 15 15 15 15 15 15 15 15 15 15 15 15 15 15 15 15 15 15 34 35 45 45
43 25 27 4 4 0 0 0 0 0 5 5 4 4 1 1 1 0 0 0 0 0 0 0 1 0 0 0 0 0 0 0 5 1 1 0 0 5 1 0 0 4 1 1 34 35 45 45 34 35 45 22 34 35 45 45 34 35 31 0 0 0 0 0 0 0 0 0 0 0 0 0 0 0 0 0 0 0 0 0 0 0 0 0 0 0 0 0 0 0 0 0 0 0 0 0 34 35 45 45
44 28 30 3 2 2 2 3 3 3 3 3 3 3 2 2 2 3 3 3 3 3 3 3 3 3 2 2 2 3 25 26 27 3 3 3 3 3 3 3 3 3 2 2 34 35 45 45 34 35 45 45 34 35 45 45 34 35 43 0 0 0 0 0 40 0 0 0 0 0 43 0 0 0 0 0 0 0 0 0 0 0 0 0 0 0 0 0 0 0 0 0 0 0 0 0 34 35 45 45
18 22 22 19 4 4 0 0 0 0 0 0 0 0 0 0 0 0 5 5 1 0 0 0 1 18 22 22 19 0 18 22 19 1 18 22 22 19 0 0 0 0 4 1 34 35 45 46 34 35 45 45 34 35 45 45 34 35 44 0 0 0 0 0 0 0 0 0 0 0 44 0 0 0 0 0 0 0 0 0 0 0 0 0 0 0 0 40 0 0 0 0 0 0 0 0 34 35 45 45
22 22 2 2 3 3 2 3 3 3 3 2 18 22 19 2 3 3 3 3 3 6 7 3 3 2 3 2 2 3 3 3 3 3 3 3 3 2 2 20 6 7 3 3 13 17 46 46 34 35 22 45 34 35 45 45 34 35 23 23 23 0 0 23 24 23 23 0 0 23 23 24 0 0 0 0 0 0 0 0 0 0 0 0 0 0 0 0 0 0 0 0 0 0 0 0 34 35 45 45
4 4 5 5 0 0 0 0 1 0 0 0 1 0 0 5 1 21 20 0 0 0 4 4 1 0 0 0 0 0 1 0 0 0 0 0 5 5 1 20 20 0 0 5 5 1 46 46 34 35 45 45 34 35 45 45 0 0 0 0 0 0 0 0 0 23 23 0 0 0 0 0 0 0 0 21 21 21 21 0 0 25 26 27 0 0 24 24 24 24 0 0 0 0 0 0 0 0 45 45
32 33 2 3 22 22 2 3 2 20 2 2 3 3 3 2 3 20 21 20 3 3 3 3 3 6 7 3 3 3 3 3 3 3 3 3 6 7 3 20 20 20 3 3 3 3 46 45 34 35 45 45 34 35 45 45 0 0 0 0 0 0 0 0 0 23 24 23 0 0 0 0 0 0 21 21 21 21 21 6 7 28 29 30 6 7 24 24 24 24 24 0 0 0 0 0 0 0 45 45
45 45 10 10 10 10 10 10 10 10 10 10 10 10 10 10 10 10 12 12 12 12 12 12 12 47 48 18 19 47 18 22 19 47 18 19 48 47 10 12 12 12 12 12 12 12 10 10 34 35 45 22 34 35 45 45 10 10 10 10 10 10 10 10 10 10 10 10 10 10 10 10 10 10 10 10 10 10 10 10 10 10 10 10 10 10 10 10 10 10 10 10 10 10 10 10 10 10 10 10
45 45 16 14 14 14 14 14 14 14 14 14 14 14 14 14 14 14 14 14 14 14 14 14 14 49 50 49 50 49 50 49 50 49 50 49 50 49 14 14 14 14 14 14 14 14 14 14 34 35 45 45 34 35 45 45 16 16 14 14 14 14 14 14 14 14 14 14 14 14 14 14 14 14 14 14 14 14 14 14 14 14 14 14 14 14 14 14 14 14 14 14 14 14 14 14 14 14 14 14
45 45 37 37 37 36 36 36 36 36 36 37 37 37 37 37 37 37 37 37 36 36 36 36 37 47 48 47 48 47 48 47 48 47 48 47 48 47 37 37 37 36 36 37 36 36 36 37 34 35 45 45 34 35 45 45 34 35 36 36 36 36 36 36 36 36 36 36 36 36 36 36 37 36 36 36 36 36 36 36 36 36 36 36 36 36 36 36 36 36 36 36 36 36 36 36 36 36 36 36
45 45 39 39 39 38 38 38 39 39 39 38 38 38 39 39 39 39 39 39 39 39 38 38 38 49 50 49 50 49 50 49 50 49 50 49 50 49 39 39 38 38 38 39 39 38 38 38 34 35 22 45 34 35 45 45 34 35 38 38 38 38 38 38 38 38 38 38 38 38 38 38 38 38 38 38 38 38 38 38 38 38 38 38 38 38 38 38 38 38 38 38 38 38 38 38 38 38 38 38
45 45 9 9 9 9 9 9 9 9 9 9 9 9 9 9 9 9 9 9 9 9 9 9 9 9 9 9 9 9 9 9 9 9 9 9 9 9 9 9 9 9 9 9 9 9 9 9 11 11 45 45 34 35 45 45 11 11 11 11 11 11 11 11 11 11 11 11 11 11 11 11 11 11 11 11 11 11 11 11 11 11 11 11 11 11 11 11 11 11 11 11 11 11 11 11 11 11 11 11
45 45 14 14 14 14 14 14 14 14 14 14 14 14 14 14 14 14 14 14 14 14 14 14 14 14 14 14 14 14 14 14 14 14 14 14 14 14 14 14 14 14 14 14 14 14 14 16 16 16 45 45 34 35 45 45 16 16 16 16 16 16 16 16 16 16 16 16 16 16 16 16 16 16 16 16 16 16 16 16 16 16 16 16 16 16 16 16 16 16 16 16 16 16 16 16 16 16 16 16
45 45 4 4 4 4 4 4 4 4 4 4 4 4 4 4 4 4 4 4 4 4 4 4 4 4 4 4 4 4 4 4 4 4 4 4 4 4 4 4 4 4 4 4 4 4 4 4 4 4 45 22 34 35 45 45 4 4 4 4 4 4 4 4 4 4 4 4 4 4 4 4 4 4 4 4 4 4 4 4 4 4 4 4 4 4 4 4 4 4 4 4 4 4 4 4 4 4 4 4
45 45 4 4 4 4 4 4 4 4 4 4 4 4 4 4 4 4 4 4 4 4 4 4 4 4 4 4 4 4 4 4 4 4 4 4 4 4 4 4 4 4 4 4 4 4 4 4 4 4 45 45 34 35 45 45 4 4 4 4 4 4 4 4 4 4 4 4 4 4 4 4 4 4 4 4 4 4 4 4 4 4 4 4 4 4 4 4 4 4 4 4 4 4 4 4 4 4 4 4
10 10 10 10 10 10 10 10 10 10 10 10 10 10 10 10 10 10 10 10 10 10 10 10 10 10 10 10 10 10 10 10 10 10 10 10 10 10 10 10 10 10 10 10 10 10 10 10 10 10 10 10 10 10 10 10 10 10 10 10 10 10 10 10 10 10 10 10 10 10 10 10 10 10 10 10 10 10 10 10 10 10 10 10 10 10 10 10 10 10 10 10 10 10 10 10 10 10 10 10