180 60
-1 -1 -1 -1 -1 -1 -1 -1 -1 -1 -1 -1 -1 -1 -1 -1 -1 -1 -1 -1 -1 -1 -1 -1 -1 -1 -1 -1 -1 -1 -1 -1 -1 -1 -1 -1 -1 -1 -1 -1 -1 -1 -1 -1 -1 -1 -1 -1 -1 -1 -1 -1 -1 -1 -1 -1 -1 -1 -1 -1 -1 -1 -1 -1 -1 -1 -1 -1 -1 -1 -1 -1 -1 -1 -1 -1 -1 -1 -1 -1 -1 -1 -1 -1 -1 -1 -1 -1 -1 -1 -1 -1 -1 -1 -1 -1 -1 -1 -1 -1 -1 -1 -1 -1 -1 -1 -1 -1 -1 -1 -1 -1 -1 -1 -1 -1 -1 -1 -1 -1 -1 -1 -1 -1 -1 -1 -1 -1 -1 -1 -1 -1 -1 -1 -1 -1 -1 -1 -1 -1 -1 -1 -1 -1 -1 -1 -1 -1 -1 -1 -1 -1 -1 -1 -1 -1 -1 -1 -1 -1 -1 -1 -1 -1 -1 -1 -1 -1 -1 -1 -1 -1 -1 -1 -1 -1 -1 -1 -1 -1
-1 -1 -1 -1 -1 -1 -1 -1 -1 -1 -1 -1 -1 -1 -1 -1 -1 -1 -1 -1 -1 -1 -1 -1 -1 -1 -1 -1 -1 -1 -1 -1 -1 -1 -1 -1 -1 -1 -1 -1 -1 -1 -1 -1 -1 -1 -1 -1 -1 -1 -1 -1 -1 -1 -1 -1 -1 -1 -1 -1 -1 -1 -1 -1 -1 -1 -1 -1 -1 -1 -1 -1 -1 -1 -1 -1 -1 -1 -1 -1 -1 -1 -1 -1 -1 -1 -1 -1 -1 -1 -1 -1 -1 -1 -1 -1 -1 -1 -1 -1 -1 -1 -1 -1 -1 -1 -1 -1 -1 -1 -1 -1 -1 -1 -1 -1 -1 -1 -1 -1 -1 -1 -1 -1 -1 -1 -1 -1 -1 -1 -1 -1 -1 -1 -1 -1 -1 -1 -1 -1 -1 -1 -1 -1 -1 -1 -1 -1 -1 -1 -1 -1 -1 -1 -1 -1 -1 -1 -1 -1 -1 -1 -1 -1 -1 -1 -1 -1 -1 -1 -1 -1 -1 -1 -1 -1 -1 -1 -1 -1
-1 -1 -1 -1 -1 -1 -1 -1 -1 -1 -1 -1 -1 -1 -1 -1 -1 -1 -1 -1 -1 -1 -1 -1 -1 -1 -1 -1 -1 -1 -1 -1 -1 -1 -1 -1 -1 -1 -1 -1 -1 -1 -1 -1 -1 -1 -1 -1 -1 -1 -1 -1 -1 -1 -1 -1 -1 -1 -1 -1 -1 -1 -1 -1 -1 -1 -1 -1 -1 -1 -1 -1 -1 -1 -1 -1 -1 -1 -1 -1 -1 -1 -1 -1 -1 -1 -1 -1 -1 -1 -1 -1 -1 -1 -1 -1 -1 -1 -1 -1 -1 -1 -1 -1 -1 -1 -1 -1 -1 -1 -1 -1 -1 -1 -1 -1 -1 -1 -1 -1 -1 -1 -1 -1 -1 -1 -1 -1 -1 -1 -1 -1 -1 -1 -1 -1 -1 -1 -1 -1 -1 -1 -1 -1 -1 -1 -1 -1 -1 -1 -1 -1 -1 -1 -1 -1 -1 -1 -1 -1 -1 -1 -1 -1 -1 -1 -1 -1 -1 -1 -1 -1 -1 -1 -1 -1 -1 -1 -1 -1
-1 -1 -1 -1 -1 -1 -1 -1 -1 -1 -1 -1 -1 -1 -1 -1 -1 -1 -1 -1 -1 -1 -1 -1 -1 -1 -1 -1 -1 -1 -1 -1 -1 -1 -1 -1 -1 -1 -1 -1 -1 -1 -1 -1 -1 -1 -1 -1 -1 -1 -1 -1 -1 -1 -1 -1 -1 -1 -1 -1 -1 -1 -1 -1 -1 -1 -1 -1 -1 -1 -1 -1 -1 -1 -1 -1 -1 -1 -1 -1 -1 -1 -1 -1 -1 -1 -1 -1 -1 -1 -1 -1 -1 -1 -1 -1 -1 -1 -1 -1 -1 -1 -1 -1 -1 -1 -1 -1 -1 -1 -1 -1 -1 -1 -1 -1 -1 -1 -1 -1 -1 -1 -1 -1 -1 -1 -1 -1 -1 -1 -1 -1 -1 -1 -1 -1 -1 -1 -1 -1 -1 -1 -1 -1 -1 -1 -1 -1 -1 -1 -1 -1 -1 -1 -1 -1 -1 -1 -1 -1 -1 -1 -1 -1 -1 -1 -1 -1 -1 -1 -1 -1 -1 -1 -1 -1 -1 -1 -1 -1
-1 -1 -1 -1 -1 -1 -1 -1 -1 -1 -1 -1 -1 -1 -1 -1 -1 -1 -1 -1 -1 -1 -1 -1 -1 -1 -1 -1 -1 -1 -1 -1 -1 -1 -1 -1 -1 -1 -1 -1 -1 -1 -1 -1 -1 -1 -1 -1 -1 -1 -1 -1 -1 -1 -1 -1 -1 -1 -1 -1 -1 -1 -1 -1 -1 -1 -1 -1 -1 -1 -1 -1 -1 -1 -1 -1 -1 -1 -1 -1 -1 -1 -1 -1 -1 -1 -1 -1 -1 -1 -1 -1 -1 -1 -1 -1 -1 -1 -1 -1 -1 -1 -1 -1 -1 -1 -1 -1 -1 -1 -1 -1 -1 -1 -1 -1 -1 -1 -1 -1 -1 -1 -1 -1 -1 -1 -1 -1 -1 -1 -1 -1 -1 -1 -1 -1 -1 -1 -1 -1 -1 -1 -1 -1 -1 -1 -1 -1 -1 -1 -1 -1 -1 -1 -1 -1 -1 -1 -1 -1 -1 -1 -1 -1 -1 -1 -1 -1 -1 -1 -1 -1 -1 -1 -1 -1 -1 -1 -1 -1
-1 -1 -1 -1 -1 -1 -1 -1 -1 -1 -1 -1 -1 -1 -1 -1 -1 -1 -1 -1 -1 -1 -1 -1 -1 -1 -1 -1 -1 -1 -1 -1 -1 -1 -1 -1 -1 -1 -1 -1 -1 -1 -1 -1 -1 -1 -1 -1 -1 -1 -1 -1 -1 -1 -1 -1 -1 -1 -1 -1 -1 -1 -1 -1 -1 -1 -1 -1 -1 -1 -1 -1 -1 -1 -1 -1 -1 -1 -1 -1 -1 -1 -1 -1 -1 -1 -1 -1 -1 -1 -1 -1 -1 -1 -1 -1 -1 -1 -1 -1 -1 -1 -1 -1 -1 -1 -1 -1 -1 -1 -1 -1 -1 -1 -1 -1 -1 -1 7 7 7 7 7 7 7 7 7 7 7 7 7 7 7 7 7 7 7 7 7 7 7 7 7 7 7 7 7 7 7 7 -1 -1 -1 -1 -1 -1 -1 -1 -1 -1 -1 -1 -1 -1 -1 -1 -1 -1 -1 -1 -1 -1 -1 -1 -1 -1 -1 -1 -1 -1
-1 -1 -1 -1 -1 -1 -1 -1 -1 -1 -1 -1 -1 -1 -1 -1 -1 -1 -1 -1 -1 -1 -1 -1 -1 -1 -1 -1 -1 -1 -1 -1 -1 -1 -1 -1 -1 -1 -1 -1 -1 -1 -1 -1 -1 -1 -1 -1 -1 -1 -1 -1 -1 -1 -1 -1 -1 -1 -1 -1 -1 -1 -1 -1 -1 -1 -1 -1 -1 -1 -1 -1 -1 -1 -1 -1 -1 -1 -1 -1 -1 -1 -1 -1 -1 -1 -1 -1 -1 -1 -1 -1 -1 -1 -1 -1 -1 -1 -1 -1 -1 -1 -1 -1 -1 -1 -1 -1 -1 -1 -1 -1 -1 -1 -1 -1 -1 -1 7 7 7 7 7 7 7 7 7 7 7 7 7 7 7 7 7 7 7 7 7 7 7 7 7 7 7 7 7 7 7 7 -1 -1 -1 -1 -1 -1 -1 -1 -1 -1 -1 -1 -1 -1 -1 -1 -1 -1 -1 -1 -1 -1 -1 -1 -1 -1 -1 -1 -1 -1
-1 -1 -1 -1 -1 -1 -1 -1 -1 -1 -1 -1 -1 -1 -1 -1 -1 -1 -1 -1 -1 -1 -1 -1 -1 -1 -1 -1 -1 -1 -1 -1 -1 -1 -1 -1 -1 -1 -1 -1 -1 -1 -1 -1 -1 -1 -1 -1 -1 -1 -1 -1 -1 -1 -1 -1 -1 -1 -1 -1 -1 -1 -1 -1 -1 -1 -1 -1 -1 -1 -1 -1 -1 -1 -1 -1 -1 -1 -1 -1 -1 -1 -1 -1 -1 -1 -1 -1 -1 -1 -1 -1 -1 -1 -1 -1 -1 -1 -1 -1 -1 -1 -1 -1 -1 -1 -1 -1 -1 -1 -1 -1 -1 -1 -1 -1 -1 -1 7 7 7 7 7 7 7 7 7 7 7 7 7 7 7 7 7 7 7 7 7 7 7 7 7 7 7 7 7 7 7 7 7 7 7 7 7 7 7 7 7 7 7 7 7 7 7 7 7 7 7 7 7 7 7 -1 -1 -1 -1 -1 -1 -1
-1 -1 -1 -1 -1 -1 -1 -1 -1 -1 -1 -1 -1 -1 -1 -1 -1 -1 -1 -1 -1 -1 -1 -1 -1 -1 -1 -1 -1 -1 -1 -1 -1 -1 -1 -1 -1 -1 -1 -1 -1 -1 -1 -1 -1 -1 -1 -1 -1 -1 -1 -1 -1 -1 -1 -1 -1 -1 -1 -1 -1 -1 -1 -1 -1 -1 -1 -1 -1 -1 -1 -1 -1 -1 -1 -1 -1 -1 -1 -1 -1 -1 -1 -1 -1 -1 -1 -1 -1 -1 -1 -1 -1 -1 -1 -1 -1 -1 -1 -1 -1 -1 -1 -1 -1 -1 -1 -1 -1 -1 -1 -1 -1 -1 -1 -1 -1 -1 7 7 7 7 7 7 7 7 7 7 7 7 7 7 7 7 7 7 7 7 7 7 7 7 7 7 7 7 7 7 7 7 7 7 7 7 7 7 7 7 7 7 7 7 7 7 7 7 7 7 7 7 7 7 7 7 7 7 7 7 7 7
-1 -1 -1 -1 -1 -1 -1 -1 -1 -1 -1 -1 -1 -1 -1 -1 -1 -1 -1 -1 -1 -1 -1 -1 -1 -1 -1 -1 -1 -1 -1 -1 -1 -1 -1 -1 -1 -1 -1 -1 -1 -1 -1 -1 -1 -1 -1 -1 -1 -1 -1 -1 -1 -1 -1 -1 -1 -1 -1 -1 -1 -1 -1 -1 -1 -1 -1 -1 -1 -1 -1 -1 -1 -1 -1 -1 -1 -1 -1 -1 -1 -1 -1 -1 -1 -1 -1 -1 -1 -1 -1 -1 -1 -1 -1 -1 -1 -1 -1 -1 -1 -1 -1 -1 -1 -1 -1 -1 -1 -1 -1 -1 -1 -1 -1 -1 -1 -1 7 7 7 7 7 7 7 7 7 7 7 7 7 7 7 7 7 7 7 7 7 7 7 7 7 7 7 7 7 7 7 7 7 7 7 7 7 7 7 7 7 7 7 7 7 7 7 7 7 7 7 7 7 7 7 7 7 7 7 7 7 7
-1 -1 -1 -1 -1 -1 -1 -1 -1 -1 -1 -1 -1 -1 -1 -1 -1 -1 -1 -1 -1 -1 -1 -1 -1 -1 -1 -1 -1 -1 -1 -1 -1 -1 -1 -1 -1 -1 -1 -1 -1 -1 -1 -1 -1 -1 -1 -1 -1 -1 -1 -1 -1 -1 -1 -1 -1 -1 -1 -1 -1 -1 -1 -1 -1 -1 -1 -1 -1 -1 -1 -1 -1 -1 -1 -1 -1 -1 -1 -1 -1 -1 -1 -1 -1 -1 -1 -1 -1 -1 -1 -1 -1 -1 -1 -1 -1 -1 -1 -1 -1 -1 -1 -1 -1 -1 -1 -1 -1 -1 -1 -1 -1 -1 -1 -1 -1 -1 7 7 7 7 7 7 7 7 7 7 7 7 7 7 7 7 7 7 7 7 7 7 7 7 7 7 7 7 7 7 7 7 7 7 7 7 7 7 7 7 7 7 7 7 7 7 7 7 7 7 7 7 7 7 7 7 7 7 7 7 7 7
-1 -1 -1 -1 -1 -1 -1 -1 -1 -1 -1 -1 -1 -1 -1 -1 -1 -1 -1 -1 -1 -1 -1 -1 -1 -1 -1 -1 -1 -1 -1 -1 -1 -1 -1 -1 -1 -1 -1 -1 -1 -1 -1 -1 -1 -1 -1 -1 -1 -1 -1 -1 -1 -1 -1 -1 -1 -1 -1 -1 -1 -1 -1 -1 -1 -1 -1 -1 -1 -1 -1 -1 -1 -1 -1 -1 -1 -1 -1 -1 -1 -1 -1 -1 -1 -1 -1 -1 -1 -1 -1 -1 -1 -1 -1 -1 -1 -1 -1 -1 -1 -1 -1 -1 -1 -1 -1 -1 -1 -1 -1 -1 -1 -1 -1 -1 -1 -1 7 7 7 7 7 7 7 7 7 7 7 7 7 7 7 7 7 7 7 7 7 7 7 7 7 7 7 7 7 7 7 7 7 7 7 7 7 7 7 7 7 7 7 7 7 7 7 7 7 7 7 7 7 7 7 7 7 7 7 7 7 7
-1 -1 -1 -1 -1 -1 -1 -1 -1 -1 -1 -1 -1 -1 -1 -1 -1 -1 -1 -1 -1 -1 -1 -1 -1 -1 -1 -1 -1 -1 -1 -1 -1 -1 -1 -1 -1 -1 -1 -1 -1 -1 -1 -1 -1 -1 -1 -1 -1 -1 -1 -1 -1 -1 -1 -1 -1 -1 -1 -1 -1 -1 -1 -1 -1 -1 -1 -1 -1 -1 -1 -1 -1 -1 -1 -1 -1 -1 -1 -1 -1 -1 -1 -1 -1 -1 -1 -1 -1 -1 -1 -1 -1 -1 -1 -1 -1 -1 -1 -1 -1 -1 -1 -1 -1 -1 -1 -1 -1 -1 -1 -1 -1 -1 -1 -1 -1 -1 7 7 7 7 7 7 7 7 7 7 7 7 7 7 7 7 7 7 7 7 7 7 7 7 7 7 7 7 7 7 7 7 7 7 7 7 7 7 7 7 7 7 7 7 7 7 7 7 7 7 7 7 7 7 7 7 7 7 7 7 7 7
-1 -1 -1 -1 -1 -1 -1 -1 -1 -1 -1 -1 -1 -1 -1 -1 -1 -1 -1 -1 -1 -1 -1 -1 -1 -1 -1 -1 -1 -1 -1 -1 -1 -1 -1 -1 -1 -1 -1 -1 -1 -1 -1 -1 -1 -1 -1 -1 -1 -1 -1 -1 -1 -1 -1 -1 -1 -1 -1 -1 -1 -1 -1 -1 -1 -1 -1 -1 -1 -1 -1 -1 -1 -1 -1 -1 -1 -1 -1 -1 -1 -1 -1 -1 -1 -1 -1 -1 -1 -1 -1 -1 -1 -1 -1 -1 -1 -1 -1 -1 -1 -1 -1 -1 -1 -1 -1 -1 -1 -1 -1 -1 -1 -1 -1 -1 -1 -1 7 7 7 7 7 7 7 7 7 7 7 7 7 7 7 7 7 7 7 7 7 7 7 7 7 7 7 7 7 7 7 7 7 7 7 7 7 7 7 7 7 7 7 13 7 7 7 13 7 7 7 7 7 7 7 7 7 7 7 11 7 7
-1 -1 -1 -1 -1 -1 -1 -1 -1 -1 -1 -1 -1 -1 -1 -1 -1 -1 -1 -1 -1 -1 -1 -1 -1 -1 -1 -1 -1 -1 -1 -1 -1 -1 -1 -1 -1 -1 -1 -1 -1 -1 -1 -1 -1 -1 -1 -1 -1 -1 -1 -1 -1 -1 -1 -1 -1 -1 -1 -1 -1 -1 -1 -1 -1 -1 -1 -1 -1 -1 -1 -1 -1 -1 -1 -1 -1 -1 -1 -1 -1 -1 -1 -1 -1 -1 -1 -1 -1 -1 -1 -1 -1 -1 -1 -1 -1 -1 -1 -1 -1 -1 -1 -1 -1 -1 -1 -1 -1 -1 -1 -1 -1 -1 -1 -1 -1 -1 7 7 7 7 7 7 7 7 7 7 7 7 7 7 7 7 7 7 7 7 7 7 7 7 7 7 7 7 7 7 7 7 7 7 7 7 7 7 7 7 0 7 7 7 7 2 7 11 7 7 7 7 7 2 7 11 7 7 7 7 7 7
-1 -1 -1 -1 -1 -1 -1 -1 -1 -1 -1 -1 -1 -1 -1 -1 -1 -1 -1 -1 -1 -1 -1 -1 -1 -1 -1 -1 -1 -1 -1 -1 -1 -1 -1 -1 -1 -1 -1 -1 -1 -1 -1 -1 -1 -1 -1 -1 -1 -1 -1 -1 -1 -1 -1 -1 -1 -1 -1 -1 -1 -1 -1 -1 -1 -1 -1 -1 -1 -1 -1 -1 -1 -1 -1 -1 -1 -1 -1 -1 -1 -1 -1 -1 -1 -1 -1 -1 -1 -1 -1 -1 -1 -1 -1 -1 -1 -1 -1 -1 -1 -1 -1 -1 -1 -1 -1 -1 -1 -1 -1 -1 -1 -1 -1 -1 -1 -1 7 7 7 7 7 7 7 7 7 7 7 7 7 7 7 0 7 7 7 7 7 7 7 7 7 7 7 7 7 7 7 7 7 7 7 7 7 7 7 7 2 7 0 7 7 7 7 7 7 0 7 7 7 7 7 7 7 7 7 7 7 0
-1 -1 -1 -1 -1 -1 -1 -1 -1 -1 -1 -1 -1 7 7 7 7 7 -1 -1 -1 -1 -1 -1 -1 -1 -1 -1 -1 -1 -1 -1 -1 -1 -1 -1 -1 -1 -1 -1 -1 -1 -1 -1 -1 -1 -1 -1 -1 -1 -1 -1 -1 -1 -1 -1 -1 -1 -1 -1 -1 -1 -1 -1 -1 -1 -1 -1 -1 -1 -1 -1 -1 -1 -1 -1 -1 -1 -1 -1 -1 -1 -1 -1 -1 -1 -1 -1 -1 -1 -1 -1 -1 -1 -1 -1 -1 -1 -1 -1 -1 -1 -1 -1 -1 -1 -1 -1 -1 -1 -1 -1 -1 -1 -1 -1 -1 -1 7 7 7 7 7 7 7 7 7 7 7 7 7 7 7 7 7 7 7 7 7 7 7 7 0 7 7 7 7 7 7 7 0 7 7 7 7 7 7 7 7 7 7 7 0 7 7 7 7 7 13 7 7 7 7 7 7 7 7 7 7 7
7 7 7 7 7 7 7 7 7 7 7 7 7 7 7 7 7 7 7 7 7 7 7 7 7 7 7 7 7 7 7 7 7 7 7 7 7 7 7 7 7 7 7 7 7 7 7 7 7 7 7 7 7 7 7 7 7 7 7 7 7 7 7 7 7 7 7 7 7 7 7 7 7 7 7 7 7 7 7 7 7 7 7 7 7 7 7 7 7 7 7 7 7 7 7 7 7 7 7 7 7 7 7 7 7 7 7 7 7 7 7 7 7 7 7 7 7 7 7 7 7 7 7 7 7 7 7 7 7 7 0 7 7 7 7 7 7 7 0 7 7 7 7 7 7 7 7 7 7 7 7 7 7 7 7 7 7 7 7 7 7 7 7 7 7 11 7 7 7 7 7 7 7 7 7 0 7 7 7 7
7 7 7 7 7 7 7 7 7 7 7 7 7 7 7 7 7 7 7 7 7 7 7 7 7 7 7 7 7 7 7 7 7 7 7 7 7 7 7 7 7 7 7 7 7 7 7 7 7 7 7 7 7 7 7 7 7 7 7 7 7 7 7 7 7 7 7 7 7 7 7 7 7 7 7 7 7 7 7 7 7 7 7 7 7 7 7 7 7 7 7 7 7 7 7 7 7 7 7 7 7 7 7 7 7 7 7 7 7 7 7 7 7 7 7 7 7 7 7 7 11 7 13 7 7 7 7 7 7 7 7 7 7 7 7 7 7 7 7 7 7 7 7 7 7 7 7 7 7 7 7 7 7 7 7 7 7 7 0 7 11 13 7 7 7 7 7 7 7 7 2 7 11 7 7 7 7 7 11 7
7 7 7 7 7 7 7 7 7 7 7 7 7 7 7 7 7 7 7 7 7 7 7 7 7 7 7 7 7 7 7 7 7 7 7 7 7 7 7 7 7 7 7 7 7 7 7 7 7 7 7 7 7 7 7 7 7 7 7 7 7 7 7 7 7 7 7 7 7 7 7 7 7 7 7 7 7 7 7 7 7 7 7 7 7 7 7 7 7 7 7 7 7 7 7 7 7 7 7 7 7 7 7 7 7 7 7 7 7 7 7 7 7 7 13 7 7 13 13 7 7 7 7 7 7 7 13 7 7 7 7 7 7 0 7 7 0 7 7 7 7 7 7 0 7 7 7 0 7 7 7 7 7 7 7 7 7 7 7 7 7 7 7 7 2 7 7 0 7 7 7 7 7 7 7 7 7 7 7 7
7 7 7 7 7 7 7 7 7 7 7 7 7 7 7 7 7 7 7 7 7 7 7 7 7 7 7 7 7 7 7 7 7 7 7 7 7 7 7 7 7 7 7 7 7 7 7 7 7 7 7 7 7 7 7 7 7 7 7 7 7 7 7 7 7 7 7 7 7 7 7 7 7 7 7 7 7 7 7 7 7 7 7 7 7 7 7 7 7 7 7 7 7 7 7 7 7 7 7 7 7 7 7 7 7 7 7 7 7 7 7 7 7 7 7 7 11 7 7 7 11 7 7 7 7 7 7 11 7 7 7 7 7 7 7 7 7 7 7 7 7 7 7 7 7 7 7 7 7 7 7 7 7 7 7 7 7 7 2 7 7 7 7 7 7 7 7 7 7 7 7 7 7 7 7 11 7 7 7 7
7 7 7 7 7 7 7 7 7 7 7 7 7 7 7 7 7 7 7 7 7 7 7 7 7 7 7 7 7 7 7 7 7 7 7 7 7 7 7 7 7 7 7 7 7 7 7 7 7 7 7 7 7 7 7 7 7 7 7 7 7 7 7 7 7 7 7 7 7 7 7 7 7 7 7 7 7 7 7 7 7 7 7 7 7 7 7 7 7 7 7 7 7 7 7 7 7 7 7 7 7 7 7 7 7 7 7 7 7 7 7 7 7 7 7 7 7 7 7 7 7 7 7 7 7 7 7 7 7 7 7 49 7 7 11 7 7 7 7 7 7 7 7 7 7 7 7 7 7 7 7 7 7 7 7 7 7 7 7 7 7 0 7 7 7 2 13 7 7 13 7 7 7 0 7 7 7 7 0 7
7 7 7 7 7 7 7 7 7 7 7 7 7 7 7 7 7 7 7 7 7 7 7 7 7 7 7 7 7 7 7 7 7 7 7 7 7 7 7 7 7 7 7 7 7 7 7 7 7 7 7 7 7 7 7 7 7 7 7 7 7 7 7 7 7 7 7 7 7 7 7 7 7 7 7 7 7 7 7 7 7 7 7 7 7 7 7 7 7 7 7 7 7 7 7 7 7 7 7 7 7 7 7 7 7 7 7 7 7 7 7 7 7 0 11 7 7 7 7 7 7 7 7 7 0 7 7 7 7 0 7 49 7 7 7 7 11 7 7 0 7 7 7 7 7 7 7 7 7 7 0 7 7 7 7 7 0 7 13 7 7 7 7 7 7 7 7 7 7 7 7 7 7 7 7 7 7 7 7 7
7 7 7 7 7 7 7 7 7 7 7 7 7 7 7 7 7 7 7 7 7 7 7 7 7 7 7 7 7 7 7 7 7 7 7 7 7 7 7 7 7 7 7 7 7 7 7 7 7 7 7 7 7 7 7 7 7 7 7 7 7 7 7 7 7 7 7 7 7 7 7 7 7 7 7 7 7 7 7 7 7 7 7 7 7 7 7 7 7 7 7 7 0 7 7 7 7 11 7 7 7 7 7 7 7 11 7 7 7 7 7 7 7 7 7 7 0 7 7 13 7 0 7 7 7 7 7 11 7 48 48 49 48 48 7 7 7 7 7 7 7 7 0 7 7 49 7 7 7 7 7 7 7 7 7 7 7 7 7 49 7 7 13 7 7 49 7 7 0 7 13 7 7 7 7 7 0 7 7 7
7 7 7 7 7 7 7 7 7 7 7 7 7 7 7 7 7 7 7 7 7 7 7 7 7 7 7 7 7 7 7 7 7 7 7 7 7 7 7 7 7 7 7 7 7 7 7 7 7 7 7 7 7 7 7 7 7 7 7 7 7 7 7 7 7 7 7 7 7 7 7 7 7 7 7 7 7 7 7 7 7 7 7 7 7 7 7 7 7 7 7 7 7 7 7 7 7 7 7 7 7 0 7 7 7 7 7 7 49 7 7 0 7 7 7 7 11 7 7 7 49 7 7 7 11 7 7 7 7 7 7 49 7 7 7 0 7 13 7 11 7 7 7 49 49 49 49 49 7 11 7 7 0 7 7 7 7 48 48 49 48 48 7 48 48 49 48 48 7 7 7 7 13 7 0 7 7 7 7 0
7 7 7 7 7 7 7 7 7 7 7 7 7 7 7 7 7 7 7 7 7 7 7 7 7 7 7 7 7 7 7 7 7 7 7 7 7 7 7 7 7 7 7 7 7 7 7 7 7 7 7 7 7 7 7 7 7 7 7 7 7 7 7 7 7 7 7 7 7 7 7 7 7 7 7 7 7 7 7 7 7 7 7 7 7 7 7 7 7 7 7 7 7 7 7 7 7 7 7 7 7 7 7 7 7 7 7 49 49 49 7 7 7 7 7 7 7 7 48 48 49 48 48 7 7 7 7 7 7 0 7 49 7 7 7 7 7 7 7 7 7 7 7 7 7 49 7 7 7 7 7 7 7 7 7 7 7 7 0 49 7 0 7 7 7 49 7 11 7 2 7 7 0 7 7 7 7 7 7 7
7 7 7 7 7 7 7 7 7 7 7 7 7 7 7 7 7 7 7 7 7 7 7 7 7 7 7 7 7 7 7 7 7 7 7 7 7 7 7 7 7 7 7 7 7 7 7 7 7 7 7 7 7 7 7 7 7 7 7 7 7 7 7 7 7 7 7 7 7 7 7 7 7 7 7 7 7 7 7 7 7 7 7 7 7 7 7 7 7 7 7 7 7 7 7 7 7 7 7 7 7 7 7 0 7 7 7 7 49 7 7 7 7 7 7 7 13 7 7 7 49 7 7 7 13 0 7 48 48 48 48 49 48 48 48 48 7 7 11 7 7 49 49 49 49 49 49 49 49 49 7 7 7 7 7 7 7 7 7 49 7 7 7 2 7 49 7 7 7 7 13 7 7 7 13 7 7 13 7 11
7 7 7 7 7 7 7 7 7 7 7 7 7 7 7 7 7 7 7 7 7 7 7 7 7 7 7 7 7 7 7 7 7 7 7 7 7 7 7 7 7 7 7 7 7 7 7 7 7 7 7 7 7 7 7 7 7 7 7 7 7 7 7 7 7 7 7 7 7 7 7 7 7 7 7 7 7 7 7 7 7 7 7 7 7 7 7 7 7 7 7 7 11 7 7 7 7 7 7 7 11 7 7 7 7 7 7 7 49 7 7 7 7 7 11 7 7 48 48 48 49 48 48 48 7 7 11 7 7 7 7 49 7 7 7 7 7 7 7 7 7 7 7 7 7 49 7 7 7 7 7 7 7 7 7 7 7 7 7 49 7 48 49 48 7 49 0 7 49 7 7 7 7 7 7 7 0 7 7 7
7 7 7 7 7 7 7 7 7 7 7 7 7 7 7 7 7 7 7 7 7 7 7 7 7 7 7 7 7 7 7 7 7 7 7 7 7 7 7 7 7 7 7 7 7 7 7 7 7 7 7 7 7 7 7 7 7 7 7 7 7 7 7 7 7 7 7 7 7 7 7 7 7 7 7 7 7 7 7 7 7 7 7 7 7 7 7 7 7 7 7 7 7 7 7 7 7 7 7 7 7 7 7 7 7 49 49 49 49 49 49 49 7 0 7 7 7 7 7 7 49 7 7 7 7 7 7 7 7 7 11 49 7 7 7 7 13 7 49 7 7 7 11 7 7 49 7 7 7 7 7 7 7 7 0 7 7 0 2 49 7 7 49 7 7 49 7 48 49 48 7 7 0 7 13 7 7 7 7 7
7 7 7 7 7 7 7 7 7 7 7 7 7 7 7 7 7 7 7 7 7 7 7 7 7 7 7 7 7 7 7 7 7 7 7 7 7 7 7 7 7 7 7 7 7 7 7 7 7 7 7 7 7 7 7 7 7 7 7 7 7 7 7 7 7 7 7 7 7 7 7 7 7 7 7 7 7 7 7 11 7 7 2 7 7 0 7 13 7 7 11 7 7 7 7 13 7 7 7 7 7 7 7 7 7 7 7 49 49 49 7 7 7 7 7 0 7 7 7 11 49 7 7 0 7 7 7 0 7 7 7 49 7 7 0 7 7 49 49 49 7 7 7 7 7 49 7 7 13 0 7 7 0 7 7 7 7 7 7 49 7 0 49 13 7 49 7 7 49 7 7 7 13 7 7 7 7 7 7 0
7 7 7 7 7 7 7 7 7 7 7 7 7 7 7 7 7 7 7 7 7 7 7 7 7 7 7 7 7 7 7 7 7 7 7 7 7 7 7 7 7 7 7 7 7 7 7 7 7 7 7 7 7 7 7 7 7 7 7 7 7 7 7 7 7 7 7 7 7 7 7 7 7 7 7 7 7 11 7 7 7 7 7 7 7 7 7 7 7 7 7 7 13 7 7 7 7 2 7 7 7 7 7 7 0 7 7 7 49 7 7 7 7 7 7 7 7 7 7 7 49 7 7 7 7 7 7 7 7 7 7 49 7 7 7 7 48 48 48 48 48 7 7 7 7 49 7 7 13 13 13 13 13 7 7 48 49 48 7 49 62 7 49 7 7 49 7 13 49 7 7 49 7 7 7 7 7 0 7 7
7 7 7 7 7 7 7 7 7 7 7 7 7 7 7 7 7 7 7 7 7 7 7 7 7 7 7 7 7 7 7 7 7 7 7 7 7 7 7 7 7 7 7 7 7 7 7 7 7 7 7 7 7 7 7 7 7 7 7 7 7 7 7 7 7 7 7 7 7 7 7 7 7 7 7 7 7 7 7 7 7 2 7 7 7 7 7 11 7 7 7 2 7 7 7 7 7 7 7 7 7 7 7 49 49 49 49 49 49 49 49 49 49 49 49 49 39 39 39 39 39 39 39 39 39 39 39 39 39 39 39 39 39 39 39 39 39 39 39 39 39 39 39 39 39 39 80 80 80 39 39 39 13 7 7 7 49 7 7 49 7 7 49 7 7 49 48 7 49 7 48 49 48 7 0 7 7 7 7 7
7 7 7 7 7 7 7 7 7 7 7 7 7 7 7 7 7 7 7 7 7 7 7 7 7 7 7 7 7 7 7 7 7 7 7 7 7 7 7 7 7 7 7 7 7 7 7 7 7 7 7 7 7 7 7 7 7 7 7 7 7 7 7 7 7 7 7 7 7 7 7 7 7 7 7 7 7 7 7 7 4 5 7 7 7 11 7 7 7 7 7 7 7 7 13 7 7 7 7 7 7 7 7 7 7 7 7 49 49 49 7 7 7 7 39 39 39 39 39 84 82 84 82 84 82 84 82 84 82 84 82 84 82 84 82 84 82 84 82 84 82 84 82 82 82 60 60 84 82 60 39 39 13 7 7 7 49 2 7 49 7 7 49 0 7 49 7 7 49 7 7 49 7 7 7 7 13 7 7 39
7 7 7 7 7 7 7 7 7 7 7 7 7 7 7 7 7 7 7 7 7 7 7 7 7 7 7 7 7 7 7 7 7 7 7 7 7 7 7 7 7 7 7 7 7 7 7 7 7 7 7 7 7 7 7 7 7 7 7 7 7 7 7 7 7 7 7 7 7 7 7 7 7 7 7 7 7 1 7 7 7 7 7 7 7 7 7 7 7 7 7 7 0 7 7 7 7 7 7 0 7 7 7 7 7 7 7 7 49 7 7 7 7 7 39 39 39 39 82 84 82 84 82 84 82 84 82 84 82 84 82 84 82 84 82 84 82 84 82 84 82 84 82 82 82 60 82 84 82 60 39 39 39 7 7 7 49 7 48 49 7 62 49 48 7 49 7 2 49 7 0 49 7 7 7 7 7 7 39 39
7 7 7 7 7 7 7 7 7 7 7 7 7 7 7 7 7 47 47 47 7 7 7 7 7 7 7 7 7 7 7 7 7 7 7 7 7 7 7 7 7 7 7 7 7 7 7 7 7 7 7 7 7 7 7 7 7 7 7 7 7 7 7 7 7 7 7 7 7 7 7 7 7 7 7 7 7 5 11 7 7 7 2 7 7 7 7 0 7 13 7 7 7 7 11 7 7 13 7 7 7 49 7 7 7 7 7 7 49 7 7 39 39 39 39 39 39 84 82 84 82 84 82 84 82 84 82 84 82 84 82 84 82 84 82 84 82 84 82 84 82 84 82 82 82 60 82 84 60 60 39 39 39 39 7 7 61 7 7 78 7 7 61 7 7 78 0 48 61 48 7 78 7 7 0 7 7 39 39 39
7 7 7 7 7 7 7 7 7 7 7 7 7 7 7 7 7 49 49 49 7 7 7 7 7 7 7 7 7 7 7 7 7 7 7 7 7 7 7 7 7 7 7 7 7 7 7 7 7 7 7 7 7 7 7 7 7 7 7 7 7 7 7 7 7 7 7 7 7 7 7 7 7 7 7 61 7 7 7 7 7 7 7 7 7 7 7 7 7 7 7 2 7 7 7 7 7 7 7 7 7 49 7 7 7 7 7 7 49 7 7 39 39 39 39 39 82 84 82 84 82 84 82 84 82 84 82 84 84 84 82 84 82 84 82 84 82 57 57 57 57 57 82 82 82 85 82 84 82 60 39 39 39 39 39 7 78 7 7 77 7 7 77 7 7 77 7 7 77 7 7 77 7 7 7 7 39 39 39 39
7 7 7 7 7 7 7 7 7 7 7 7 7 47 48 48 48 49 49 49 48 48 48 47 7 7 7 7 7 7 7 7 7 7 7 7 7 7 7 7 7 7 7 7 7 7 7 7 7 7 7 7 7 7 7 7 7 7 7 7 7 7 7 7 7 7 7 7 7 7 7 7 62 62 62 61 62 62 62 7 7 0 7 7 7 0 7 7 7 2 7 7 7 7 7 7 7 7 7 47 48 48 48 48 48 48 48 48 39 39 39 39 39 39 82 84 82 84 82 84 82 57 57 57 54 57 82 84 84 84 57 57 57 57 57 84 82 84 57 57 82 84 82 84 82 85 82 84 82 60 39 39 39 39 39 39 39 39 39 39 39 39 39 39 39 39 39 39 39 39 39 39 39 68 68 68 39 39 39 39
7 7 7 7 7 7 7 7 7 7 7 7 7 7 7 7 7 49 49 49 7 7 7 7 7 7 7 7 7 7 7 7 7 7 7 7 7 7 7 7 7 7 7 7 7 7 7 7 7 7 7 7 7 7 7 7 7 7 7 7 7 7 7 7 7 7 7 7 7 7 7 7 7 7 7 61 7 7 7 7 7 7 7 7 0 2 7 2 7 7 7 7 7 7 7 7 7 2 7 7 7 49 7 7 7 7 7 7 39 39 39 39 39 84 82 84 82 84 84 84 57 57 54 57 57 57 57 84 84 84 82 57 57 57 82 84 82 84 84 84 82 57 57 57 57 60 60 60 60 60 39 39 39 39 39 39 39 39 39 39 39 39 39 39 39 39 39 39 39 39 39 39 60 83 83 83 60 39 39 39
7 7 7 7 7 7 7 7 7 7 7 7 7 47 48 48 48 49 49 49 48 48 48 47 7 7 7 7 7 7 7 7 7 7 7 7 7 7 7 7 7 7 7 7 7 7 7 7 7 7 7 7 7 7 7 7 7 7 7 7 7 7 7 7 7 7 7 7 7 7 7 7 7 7 7 61 7 7 7 7 0 7 7 7 7 7 7 7 7 7 47 7 7 0 7 2 7 7 7 7 7 49 7 7 7 7 39 39 39 39 39 84 82 84 82 84 82 84 84 84 82 84 82 84 82 84 82 84 82 84 82 84 82 84 82 84 82 84 84 84 82 57 57 57 57 60 82 84 82 60 39 39 39 39 39 39 39 84 82 82 82 84 82 82 82 84 82 82 82 84 82 39 60 83 83 83 60 39 39 39
7 7 7 7 7 7 7 7 7 7 7 7 7 7 7 7 7 49 49 49 7 7 7 7 7 7 7 7 7 7 7 7 7 7 7 7 7 7 7 7 7 7 7 7 7 7 7 7 7 7 7 7 7 7 7 7 7 7 7 7 7 7 7 7 7 7 7 7 7 7 7 7 7 7 7 61 7 0 7 7 7 7 7 7 7 7 0 7 7 7 49 7 7 7 7 7 7 7 7 7 7 7 7 7 7 7 39 39 39 39 82 84 82 84 82 84 82 84 84 84 82 84 82 84 82 84 82 84 82 84 82 84 82 84 82 84 82 84 84 57 82 84 82 84 82 60 84 84 82 60 39 39 39 39 39 39 82 84 82 82 82 84 82 82 82 84 82 82 82 84 82 82 60 83 83 83 60 39 39 39
7 7 7 7 7 7 7 7 7 7 7 7 7 7 7 7 7 49 49 49 7 7 7 7 7 7 7 7 7 7 7 7 7 7 7 7 39 39 39 39 39 39 39 39 39 39 39 39 39 39 39 39 39 39 39 39 39 39 39 39 39 39 39 39 39 39 39 39 39 39 39 39 39 39 39 39 7 7 7 0 14 7 0 11 7 7 7 49 49 49 49 49 49 49 7 7 27 28 29 30 7 7 7 7 39 39 39 39 39 39 82 84 82 84 82 54 57 57 57 57 82 84 82 84 82 84 82 84 82 82 82 84 82 84 82 84 82 84 57 57 82 84 82 84 82 60 84 84 82 60 39 60 84 82 84 60 82 84 82 82 82 84 88 76 88 84 82 82 82 84 82 82 60 82 82 82 60 39 39 39
7 7 7 7 7 7 7 7 7 47 7 7 7 7 7 7 7 49 49 49 7 7 7 7 7 7 7 7 7 7 7 7 7 7 7 39 39 60 60 60 60 60 82 84 82 84 82 84 82 84 82 84 82 84 82 84 82 84 82 84 83 84 82 84 82 84 82 84 82 84 82 84 82 39 39 39 39 7 7 7 14 7 7 7 7 11 7 7 7 7 49 7 11 7 7 0 7 31 32 33 34 7 7 39 39 39 39 39 39 84 82 84 82 84 82 84 54 57 54 84 82 84 57 54 57 57 57 84 82 57 57 57 82 84 57 57 57 57 57 57 82 57 82 57 82 60 84 84 82 60 39 60 84 82 84 60 82 84 82 82 82 57 57 57 57 57 82 82 82 84 82 82 60 82 82 82 60 39 39 39
7 7 7 7 7 7 7 7 48 49 48 7 7 7 7 7 39 49 49 49 39 7 7 7 7 7 7 7 7 7 7 7 7 7 39 39 82 60 60 60 60 60 82 84 82 84 82 84 82 84 82 84 82 84 82 84 82 84 82 84 82 84 82 84 82 84 82 84 82 84 82 84 82 84 82 84 39 39 7 11 7 7 8 9 0 7 7 7 2 7 49 7 7 7 7 7 7 34 35 36 37 38 7 39 39 39 39 39 82 84 82 84 83 84 82 84 82 84 82 84 82 84 82 57 57 54 82 84 82 82 57 84 82 84 82 57 57 57 57 57 82 57 57 57 57 60 84 84 82 60 39 60 84 82 84 82 82 57 57 57 57 57 57 57 57 57 57 57 57 57 82 82 82 82 82 82 60 39 39 39
7 7 7 7 7 7 7 7 7 49 7 7 7 7 39 39 39 49 49 49 39 39 39 7 7 7 7 7 7 7 7 7 7 39 39 84 82 60 60 60 60 60 67 84 82 84 82 84 82 84 82 84 82 84 82 84 82 84 82 84 82 84 82 84 82 84 82 84 84 84 82 84 82 84 82 84 82 39 7 7 7 7 14 7 7 7 49 49 49 49 49 49 49 49 49 7 7 7 25 26 7 7 7 39 39 39 39 39 82 84 57 57 57 54 57 84 82 84 82 84 82 84 82 84 82 84 82 84 82 84 82 84 82 84 82 84 82 84 82 84 82 84 82 84 82 60 82 84 82 60 39 60 84 82 84 82 82 57 57 57 57 57 57 57 57 57 57 57 57 57 82 82 82 82 82 82 60 39 39 39
7 7 7 7 7 7 7 7 39 49 39 7 7 39 39 39 39 49 49 49 39 39 39 39 7 7 7 7 7 7 7 7 39 39 82 84 82 60 60 84 60 60 79 84 82 84 82 84 82 84 82 84 82 57 57 57 57 84 82 84 82 84 82 84 82 57 57 57 57 84 82 84 82 84 82 84 82 68 7 7 7 7 0 2 7 7 7 7 7 7 49 7 7 7 7 7 7 7 7 7 7 7 7 39 39 39 39 84 82 57 57 54 57 57 57 54 82 84 82 84 82 84 82 84 82 84 82 84 82 84 82 84 82 84 82 84 82 84 82 84 82 84 82 84 82 60 82 84 82 60 39 60 84 82 84 60 60 60 60 60 60 60 60 60 60 60 60 60 60 60 60 60 60 60 60 60 60 39 39 39
7 7 7 7 7 7 7 7 39 39 39 39 39 39 39 39 39 39 39 39 39 39 39 39 39 39 39 39 39 39 39 39 39 84 82 84 82 60 82 84 82 60 57 57 57 57 57 57 82 84 57 57 57 57 57 57 57 84 82 84 82 84 82 84 82 57 57 57 57 84 82 84 82 84 82 84 82 68 7 7 7 49 7 7 7 16 15 7 0 7 49 0 7 7 7 0 7 7 7 49 7 7 7 39 39 39 82 84 82 84 82 84 82 84 82 84 82 84 82 84 82 84 82 84 82 84 82 84 82 84 82 84 82 84 57 57 57 57 57 84 82 57 57 57 57 60 82 84 82 60 39 60 84 82 84 60 84 82 82 84 82 82 84 82 82 84 82 82 84 82 82 84 82 82 84 82 60 39 39 39
7 7 7 7 7 7 7 39 39 39 82 85 82 85 82 85 82 84 82 84 82 84 82 84 82 84 82 84 82 84 82 84 82 84 82 84 82 60 82 84 82 84 82 84 82 84 82 84 82 84 82 84 57 57 57 57 57 84 82 82 82 84 82 84 82 57 57 57 57 84 82 84 82 84 82 84 88 68 7 48 48 49 48 48 7 18 19 7 2 7 49 7 7 2 7 7 7 49 49 49 49 49 7 39 39 39 82 84 82 84 82 84 82 84 82 84 82 57 57 57 57 57 57 57 57 84 82 84 82 84 82 84 82 84 82 57 57 57 82 84 82 57 57 57 57 60 60 60 60 60 39 60 84 82 84 60 84 82 82 84 82 82 84 82 82 84 82 82 84 82 82 84 82 82 84 82 60 39 39 39
39 39 39 39 39 39 39 39 39 85 82 85 82 85 82 84 82 84 82 84 82 84 82 84 82 84 82 84 82 84 82 84 82 84 82 84 82 60 82 84 82 84 82 84 82 84 82 84 82 84 82 84 82 57 57 57 57 57 82 82 82 84 82 84 82 57 57 57 57 84 82 84 82 84 82 84 82 68 7 7 7 49 7 7 0 7 7 7 7 7 49 7 7 7 7 0 7 0 7 49 7 7 7 39 39 39 82 84 82 84 82 84 82 84 82 84 57 57 57 57 57 57 57 57 57 84 82 57 57 57 82 84 82 84 82 84 82 84 82 84 82 84 82 84 82 84 82 84 82 60 39 60 84 82 84 60 84 82 82 67 82 82 84 82 82 84 82 82 84 67 82 84 82 82 84 82 60 39 39 39
42 84 82 85 82 85 82 85 82 85 82 85 82 84 82 84 82 84 82 84 82 84 82 84 82 84 82 84 82 84 82 84 82 84 82 84 82 60 60 84 82 60 60 60 60 60 60 60 60 60 60 60 60 60 60 60 60 60 60 60 60 60 60 60 60 60 60 60 60 60 60 60 60 60 60 60 60 39 7 7 7 49 7 7 7 7 7 7 7 7 49 7 7 7 7 7 7 7 7 49 7 7 39 39 39 84 82 84 82 84 82 84 82 84 82 57 57 57 57 57 57 57 57 57 57 84 57 57 57 57 57 57 82 84 82 84 82 84 82 84 82 84 82 84 82 84 82 84 82 60 39 60 84 82 84 60 84 82 82 79 82 82 76 82 82 84 76 82 84 79 82 84 82 82 84 82 60 39 39 39
42 74 82 85 82 85 82 74 82 85 82 85 82 74 57 57 57 57 57 74 57 57 57 57 57 74 57 84 82 74 82 84 82 84 82 88 67 60 82 84 82 60 60 60 60 60 60 60 60 60 60 60 60 60 60 60 60 60 60 60 60 60 60 60 60 60 60 60 60 60 60 60 60 60 60 60 60 39 39 39 39 39 39 39 39 39 39 39 39 39 39 39 39 39 39 39 39 39 39 39 39 39 39 39 39 60 60 60 60 60 60 60 60 60 60 60 60 60 60 60 60 60 60 60 60 60 60 60 60 60 60 60 60 60 60 60 60 60 60 60 60 60 60 60 60 60 82 60 60 60 39 60 84 82 84 60 84 82 82 57 55 54 56 82 82 84 57 55 55 57 82 84 82 82 84 82 60 39 39 39
42 86 82 85 82 85 82 86 82 85 82 85 82 86 82 57 57 57 82 86 82 57 57 57 82 86 57 57 57 86 82 84 82 84 82 84 79 60 82 84 60 60 82 84 82 84 82 84 82 84 82 84 82 84 82 84 82 84 82 84 82 84 82 84 82 84 82 84 82 84 82 84 82 84 82 84 82 84 82 84 82 84 82 84 82 84 82 84 82 84 82 84 82 84 82 84 82 84 82 84 82 84 82 84 60 60 60 60 60 60 60 60 60 60 60 60 60 60 60 60 60 60 60 60 60 60 60 60 60 60 60 60 60 60 60 60 60 60 60 60 60 60 60 60 60 60 82 84 82 60 39 60 84 82 84 60 84 82 82 84 82 82 84 82 82 84 82 82 84 82 82 84 82 82 84 82 60 39 39 39
42 84 82 85 82 85 82 85 57 57 57 57 57 85 82 84 82 84 82 84 82 84 82 84 82 84 82 84 82 84 82 84 82 57 57 57 57 60 82 84 82 60 82 84 82 84 82 84 82 84 82 84 82 84 82 84 82 84 82 84 82 84 82 84 88 84 82 84 82 84 82 84 82 84 82 84 82 84 82 84 82 84 82 84 82 84 82 84 82 84 82 84 82 84 82 84 82 84 82 84 82 84 82 84 82 84 82 84 82 84 82 84 82 84 82 84 82 84 82 84 82 84 82 84 82 84 82 84 82 84 82 84 82 84 82 84 82 84 82 84 82 84 82 84 82 60 82 84 82 60 39 60 84 82 84 60 57 54 55 84 82 82 84 82 82 84 82 82 84 82 57 54 82 57 54 57 60 39 39 39
42 84 82 85 82 85 82 57 57 57 57 57 57 73 82 85 82 84 82 84 82 84 82 84 82 84 82 84 82 84 82 84 57 57 57 57 57 60 60 84 82 60 54 55 54 84 82 84 82 84 82 84 82 84 82 84 82 84 82 84 82 84 54 55 54 55 54 84 82 84 82 56 56 55 55 54 82 84 82 84 82 84 82 84 82 56 54 55 54 54 56 84 82 84 82 84 82 54 55 54 55 54 82 84 82 84 82 84 82 84 82 84 82 84 82 84 82 84 82 84 82 84 82 84 82 84 82 84 82 84 82 84 82 84 82 84 82 84 82 84 82 84 82 84 82 60 60 60 82 60 39 60 84 82 84 60 54 57 55 84 82 82 84 82 82 57 56 57 84 82 55 56 82 57 54 55 60 69 69 69
42 74 82 85 82 85 82 74 82 85 82 85 82 74 82 57 57 57 82 74 82 84 82 84 82 74 57 57 57 74 82 84 82 84 82 84 82 84 82 84 82 84 82 84 82 84 82 84 82 84 82 56 54 84 82 84 82 84 82 84 82 84 82 84 82 84 82 84 82 84 82 54 55 54 54 54 82 84 82 84 82 84 82 84 82 54 54 56 54 54 55 55 82 84 82 84 82 84 54 54 56 84 82 84 82 84 82 57 57 57 82 84 82 84 82 84 57 57 57 57 82 84 82 57 57 57 57 84 82 84 57 57 82 84 82 84 57 57 57 84 82 84 82 84 82 84 82 84 82 60 39 60 84 82 84 82 84 82 82 84 82 55 55 82 82 57 54 57 82 82 56 56 82 82 84 82 82 69 88 69
42 86 82 85 82 85 82 86 82 85 82 85 82 86 57 57 57 57 57 86 82 84 82 84 82 86 57 57 57 86 82 84 82 84 82 84 82 84 82 84 82 84 82 84 82 84 82 84 82 84 82 54 54 84 82 84 82 84 56 84 82 84 82 84 82 84 82 84 82 84 82 56 54 54 55 54 56 84 82 84 82 84 82 84 82 54 55 55 56 54 54 54 82 84 82 84 82 84 56 54 54 84 82 84 82 84 57 57 57 57 57 84 82 84 82 84 82 57 57 84 82 84 82 84 57 57 82 84 82 84 57 57 82 84 82 57 57 57 57 57 82 84 82 84 82 84 82 84 82 60 39 60 84 82 84 82 84 82 82 84 57 56 56 82 82 54 55 57 82 82 57 55 82 82 84 82 82 69 69 69
42 60 60 60 60 60 60 60 60 60 60 60 60 60 60 60 60 60 60 60 60 60 60 60 60 60 60 60 60 60 60 60 60 60 60 60 60 60 60 60 60 60 60 60 60 60 60 60 60 60 60 60 60 60 60 60 60 60 60 60 60 60 60 60 60 60 60 60 60 60 60 60 60 60 60 60 60 60 60 60 60 60 60 60 60 60 60 60 60 60 60 60 60 60 60 60 60 60 60 60 60 60 60 60 60 60 60 60 60 60 60 60 60 60 60 60 60 60 60 60 60 60 60 60 60 60 60 60 60 60 60 60 60 60 60 60 60 60 60 60 60 60 60 60 60 60 60 60 60 60 39 60 60 60 60 60 60 60 60 60 60 60 60 60 60 60 60 60 60 60 60 60 60 60 60 60 60 60 60 60
39 39 39 39 39 39 39 39 39 39 39 39 39 39 39 39 39 39 39 39 39 39 39 39 39 39 39 39 39 39 39 39 39 39 39 39 39 39 39 39 39 39 39 39 39 39 39 39 39 39 39 39 39 39 39 39 39 39 39 39 39 39 39 39 39 39 39 39 39 39 39 39 39 39 39 39 39 39 39 39 39 39 39 39 39 39 39 39 39 39 39 39 39 39 39 39 39 39 39 39 39 39 39 39 39 39 39 39 39 39 39 39 39 39 39 39 39 39 39 39 39 39 39 39 39 39 39 39 39 39 39 39 39 39 39 39 39 39 39 39 39 39 39 39 39 39 39 39 39 39 39 39 39 39 39 39 39 39 39 39 39 39 39 39 39 39 39 39 39 39 39 39 39 39 39 39 39 39 39 39
7 7 7 7 7 7 39 39 39 39 39 39 39 39 39 39 39 39 39 39 39 39 39 39 39 39 39 39 39 39 39 39 39 39 39 39 39 39 39 39 39 39 39 39 39 39 39 39 39 39 39 39 39 39 39 39 39 39 39 39 39 39 39 39 39 39 39 39 39 39 39 39 39 39 39 39 39 39 39 39 39 39 39 39 39 39 39 39 39 39 39 39 39 39 39 39 39 39 39 39 39 39 39 39 39 39 39 39 39 39 39 39 39 39 39 39 39 39 39 39 39 39 39 39 39 39 39 39 39 39 39 39 39 39 39 39 39 39 39 39 39 39 39 39 39 39 39 39 39 39 39 39 39 39 39 39 39 39 39 39 39 39 39 39 39 39 39 39 39 39 39 39 39 39 39 39 39 39 39 39
7 7 7 7 7 7 7 7 7 7 7 7 7 7 7 7 7 7 7 7 7 7 7 7 7 7 7 7 7 7 7 7 7 7 7 7 7 7 7 7 7 7 7 7 7 7 7 7 7 7 7 7 7 7 7 7 7 7 7 7 7 7 7 7 7 7 7 7 7 7 7 7 7 7 7 7 7 7 7 7 7 7 7 7 7 7 7 7 7 7 7 7 7 7 7 7 7 7 7 7 7 7 7 7 7 7 7 7 7 7 7 7 7 7 7 7 7 7 7 7 7 7 7 7 7 7 7 7 7 7 7 7 7 7 7 7 7 7 7 7 7 7 7 7 7 7 7 7 7 7 7 7 7 7 7 7 7 7 7 7 7 7 7 7 7 7 7 7 7 7 7 7 7 7 7 7 7 7 7 7
7 7 7 7 7 7 7 7 7 7 7 7 7 7 7 7 7 7 7 7 7 7 7 7 7 7 7 7 7 7 7 7 7 7 7 7 7 7 7 7 7 7 7 7 7 7 7 7 7 7 7 7 7 7 7 7 7 7 7 7 7 7 7 7 7 7 7 7 7 7 7 7 7 7 7 7 7 7 7 7 7 7 7 7 7 7 7 7 7 7 7 7 7 7 7 7 7 7 7 7 7 7 7 7 7 7 7 7 7 7 7 7 7 7 7 7 7 7 7 7 7 7 7 7 7 7 7 7 7 7 7 7 7 7 7 7 7 7 7 7 7 7 7 7 7 7 7 7 7 7 7 7 7 7 7 7 7 7 7 7 7 7 7 7 7 7 7 7 7 7 7 7 7 7 7 7 7 7 7 7